id,address,categories,city,country,hours,keys,latitude,longitude,menus,name,postalCode,province,twitter,websites
AVweN1T_ByjofQCxwSPL,Syr Airport,Brewery,Syracuse,US,,us/ny/syracuse/syrairport/2098450797,,,,Adirondack Pub,,NY,,
AVwdkF9ZIN2L1WUfxDfw,1320 N Doctor Martin Luther King Dr,Office and Cafeteria Brewer's Hill,Milwaukee,US,,us/wi/milwaukee/1320ndoctormartinlutherkingdr/1758470159,,,,The Waterfront Cafe,53212,WI,,
AVwdlPkf_7pvs4fz7TMr,608 4th St,Brewery Downtown Clovis,Clovis,US,"[{""day"":""Wed - Sat"",""hour"":""5:00 PM - 8:00 PM""}]",us/ca/clovis/6084thst/-932885010,,,,559 Local Brewing,93612,CA,,http://fresnobrewing.com
AVwcucY0kufWRAb5yWbU,1103 Mills St,breweries & brew pubs,Black Earth,US,,us/wi/blackearth/1103millsst/-757413411,43.138995,-89.747904,,Shack The,53515-9454,WI,,
AVweCkd5kufWRAb5_eaI,130 W Riverside Dr,Brewery and Gastropub Downtown Jeffersonville,Jeffersonville,US,"[{""day"":""Wed - Thu"",""hour"":""3:00 PM - 9:00 PM""},{""day"":""Sun"",""hour"":""Noon - 8:00 PM""},{""day"":""Fri - Sat"",""hour"":""Noon - 10:00 PM""}]",us/utica/jeffersonville/130wriversidedr/787280564,,,,Flat12 Bierworks,47130,Utica,flat12bierwerks,http://flat12.me/brewery
AVwd3VPrIN2L1WUfz4u3,14300 N E 145th St,"Brewers,Wineries",Woodinville,US,,us/wa/woodinville/14300ne145thst/-479625596,47.734648,-122.149773,,Redhook Ale Brewery Inc,98072,WA,,
AVwdspyzIN2L1WUfyYRN,1007 S Tejon St,Brewery Downtown Colorado Springs,Colorado Springs,US,,us/cospgs/coloradosprings/1007stejonst/2004582815,,,,Gold Camp Brewing Co.,80903,Co Spgs,,
AVwdsRGiIN2L1WUfyU3Y,237 Jos Campau,"Brewery,Manufacturing",Detroit,US,"[{""day"":""Mon - Fri"",""hour"":""5:00 PM - 10:00 PM""},{""day"":""Sat"",""hour"":""2:00 PM - 11:00 PM""},{""day"":""Sun"",""hour"":""Noon - 8:00 PM""}]",us/mi/detroit/237joscampau/2038815425,,,,Atwater Block Brewery,48207,MI,atwaterbeer,http://www.atwaterbeer.com
AVwdrRLhIN2L1WUfyLO8,11160 Circle Dr,Brewers,Austin,US,,us/circleville/austin/11160circledr/643286661,30.225785,-97.952191,,Thristy Planet,78736,Circleville,,
AVwdrRPz_7pvs4fz8Pvh,96 Union St,"Brewer, ME",Brewer,US,,us/me/brewer/96unionst/1905229880,,,,Soup To Nuts,04412-2020,ME,,
AVwdy7WFIN2L1WUfzSf5,3378 White Mountain Hwy,"Brewery and BBQ Joint,BBQ Joint,Brewery",North Conway,US,"[{""day"":""Mon"",""hour"":""1:00 PM - 8:00 PM""},{""day"":""Fri"",""hour"":""1:00 PM - Midnight""},{""day"":""Wed"",""hour"":""5:00 PM - 9:00 PM""}]",us/nconway/northconway/3378whitemountainhwy/-783852339,44.06841641,-71.14390969,,Moat Mountain Smoke House & Brewing Co.,3860,N Conway,moatmountain,http://moatmountain.com
AVwdy_qGkufWRAb59VVy,Kentnor St,Brewery,Iselin,US,,us/nj/iselin/kentnorst/-1774778630,,,,Black Dog Brewing Company,8830,NJ,blackdogbrew,http://blackdogbrewhouse.com
AVwckFsgByjofQCxfqkf,4098 Business Park Dr,Brewery,Amarillo,US,,us/tx/amarillo/4098businessparkdr/-1385920542,,,,Lws Brewery,79110,TX,lwsbrewing,http://lwsbrewing.com
AVwc2EGu_7pvs4fzzjzy,1924 N Hubbard St,"Residential Building (Apartment / Condo) and Building Brewer's Hill,building",Milwaukee,US,,us/wi/milwaukee/1924nhubbardst/2000719240,,,,Shoeworks Loft,53212,WI,,
AVwchu1dkufWRAb5wJBk,293 Jt Connell Hwy,Brewery and Distillery,Newport,US,"[{""day"":""Mon, Wed - Sun"",""hour"":""Noon - 5:00 PM""}]",us/ri/newport/293jtconnellhwy/-1905272344,41.51424931,-71.31590366,,Coastal Extreme Brewing Company,2840,RI,nptstormluau,
AVwchOw5ByjofQCxfH3P,Sierra Leona 720,Brewery and Restaurant,San Antonio,US,"[{""day"":""Tue - Wed"",""hour"":""1:00 PM - 11:00 PM""},{""day"":""Mon"",""hour"":""1:00 PM - 10:00 PM""},{""day"":""Thu - Sat"",""hour"":""1:00 PM - Midnight""},{""day"":""Sun"",""hour"":""1:00 PM - 11:30 PM""}]",us/tx/sanantonio/sierraleona720/-1553496629,22.13076115,-101.0190167,,La Legendaria,78240,TX,la_legendaria,http://lalegendaria.com
AVwcocVzByjofQCxgdBZ,3942 Valley Ave,"Bars & Pubs,Breweries",Pleasanton,US,,us/ca/pleasanton/3942valleyave/-1208872081,37.675973,-121.867101,,Iron Oak Brewing Inc,94566,CA,,
AVwc2NtlkufWRAb5zpCS,7684 Madden Dr,Brewery,Fishers,US,,us/in/fishers/7684maddendr/1830547756,,,,Twizted Brews Brewhouse,46038,IN,,
AVwc2N95_7pvs4fzzllf,5300 W Baltimore Ave,Brewery,Clifton Heights,US,"[{""day"":""Sun"",""hour"":""10:00 AM - 5:00 PM""},{""day"":""Monday"",""hour"":""2:00 PM - 9:00 PM""},{""day"":""Tue"",""hour"":""4:00 PM - 9:00 PM""},{""day"":""Tuesday"",""hour"":""4:00 PM - 9:00 PM""},{""day"":""Saturday"",""hour"":""9:00 AM - 10:00 PM""},{""day"":""Thu"",""hour"":""3:00 PM - 11:00 PM""},{""day"":""Wednesday"",""hour"":""12:00 PM - 9:00 PM""},{""day"":""Wed"",""hour"":""Noon - 9:00 PM""},{""day"":""Sunday"",""hour"":""10:00 AM - 5:00 PM""},{""day"":""Mon"",""hour"":""2:00 PM - 9:00 PM""},{""day"":""Thursday"",""hour"":""3:00 PM - 11:00 PM""}]",us/primos/cliftonheights/5300wbaltimoreave/-272579299,,,,Rite Buy Beverage,19018,Primos,,
AVwcrgtXkufWRAb5x3Ea,167,Brewery Lower East Side,New York,US,,us/newyorkcity/newyork/167/-1304387734,,,,Guinness,10002,New York City,,
AVwcuJi6IN2L1WUfoJrm,165 N 4th St,"Brewery Uptown District,brewery",Columbus,US,,us/oh/columbus/165n4thst/1489037509,39.96629,-82.99688,"[{""amountMax"":32.00,""amountMin"":32.00,""currency"":""USD"",""dateSeen"":[""2016-06-08T16:17:07Z""],""name"":""New York Strip"",""sourceURLs"":[""https://foursquare.com/v/elevator-brewery-brewquarters/4bf7185d8d30d13a2f67fe17"",""https://foursquare.com/v/elevator-brewery-brewquarters/4bf7185d8d30d13a2f67fe17/menu""]},{""amountMax"":21.00,""amountMin"":21.00,""currency"":""USD"",""dateSeen"":[""2016-06-08T16:17:07Z""],""name"":""Stuffed Pork Chop"",""sourceURLs"":[""https://foursquare.com/v/elevator-brewery-brewquarters/4bf7185d8d30d13a2f67fe17"",""https://foursquare.com/v/elevator-brewery-brewquarters/4bf7185d8d30d13a2f67fe17/menu""]},{""amountMax"":6.00,""amountMin"":6.00,""currency"":""USD"",""dateSeen"":[""2016-06-08T16:17:07Z""],""description"":""Iceburg, tomatoes, bacon, red onion, creamy roquefort dressing"",""name"":""Wedge Salad"",""sourceURLs"":[""https://foursquare.com/v/elevator-brewery-brewquarters/4bf7185d8d30d13a2f67fe17"",""https://foursquare.com/v/elevator-brewery-brewquarters/4bf7185d8d30d13a2f67fe17/menu""]},{""amountMax"":9.00,""amountMin"":9.00,""currency"":""USD"",""dateSeen"":[""2016-06-08T16:17:07Z""],""name"":""Cobb Salad"",""sourceURLs"":[""https://foursquare.com/v/elevator-brewery-brewquarters/4bf7185d8d30d13a2f67fe17"",""https://foursquare.com/v/elevator-brewery-brewquarters/4bf7185d8d30d13a2f67fe17/menu""]},{""amountMax"":16.00,""amountMin"":16.00,""currency"":""USD"",""dateSeen"":[""2016-06-08T16:17:07Z""],""name"":""The Lunch Rock Filet"",""sourceURLs"":[""https://foursquare.com/v/elevator-brewery-brewquarters/4bf7185d8d30d13a2f67fe17"",""https://foursquare.com/v/elevator-brewery-brewquarters/4bf7185d8d30d13a2f67fe17/menu""]},{""amountMax"":7.00,""amountMin"":7.00,""currency"":""USD"",""dateSeen"":[""2016-06-08T16:17:07Z""],""name"":""Pumpkin Beer Bread Pudding"",""sourceURLs"":[""https://foursquare.com/v/elevator-brewery-brewquarters/4bf7185d8d30d13a2f67fe17"",""https://foursquare.com/v/elevator-brewery-brewquarters/4bf7185d8d30d13a2f67fe17/menu""]},{""amountMax"":7.00,""amountMin"":7.00,""currency"":""USD"",""dateSeen"":[""2016-06-08T16:17:07Z""],""name"":""Maple Cinnamon Cheesecake"",""sourceURLs"":[""https://foursquare.com/v/elevator-brewery-brewquarters/4bf7185d8d30d13a2f67fe17"",""https://foursquare.com/v/elevator-brewery-brewquarters/4bf7185d8d30d13a2f67fe17/menu""]},{""amountMax"":9.00,""amountMin"":9.00,""currency"":""USD"",""dateSeen"":[""2016-06-08T16:17:07Z""],""name"":""Elevator Pizza"",""sourceURLs"":[""https://foursquare.com/v/elevator-brewery-brewquarters/4bf7185d8d30d13a2f67fe17"",""https://foursquare.com/v/elevator-brewery-brewquarters/4bf7185d8d30d13a2f67fe17/menu""]},{""amountMax"":28.00,""amountMin"":28.00,""currency"":""USD"",""dateSeen"":[""2016-06-08T16:17:07Z""],""name"":""The Rock Filet"",""sourceURLs"":[""https://foursquare.com/v/elevator-brewery-brewquarters/4bf7185d8d30d13a2f67fe17"",""https://foursquare.com/v/elevator-brewery-brewquarters/4bf7185d8d30d13a2f67fe17/menu""]},{""dateSeen"":[""2016-06-08T16:17:07Z""],""name"":""Procrastinator Doppelbock"",""sourceURLs"":[""https://foursquare.com/v/elevator-brewery-brewquarters/4bf7185d8d30d13a2f67fe17"",""https://foursquare.com/v/elevator-brewery-brewquarters/4bf7185d8d30d13a2f67fe17/menu""]},{""amountMax"":21.00,""amountMin"":21.00,""currency"":""USD"",""dateSeen"":[""2016-06-08T16:17:07Z""],""description"":""Oz. Nut brown ale braised pork shank, garlic mashed, malt glazed root vegetables"",""name"":""Osso Bucco"",""sourceURLs"":[""https://foursquare.com/v/elevator-brewery-brewquarters/4bf7185d8d30d13a2f67fe17"",""https://foursquare.com/v/elevator-brewery-brewquarters/4bf7185d8d30d13a2f67fe17/menu""]},{""amountMax"":9.00,""amountMin"":9.00,""currency"":""USD"",""dateSeen"":[""2016-06-08T16:17:07Z""],""description"":""Flash fried, semolina dusted, thai pepper sauce, cucumber salad, sriracha"",""name"":""Calamari"",""sourceURLs"":[""https://foursquare.com/v/elevator-brewery-brewquarters/4bf7185d8d30d13a2f67fe17"",""https://foursquare.com/v/elevator-brewery-brewquarters/4bf7185d8d30d13a2f67fe17/menu""]},{""amountMax"":16.00,""amountMin"":16.00,""currency"":""USD"",""dateSeen"":[""2016-06-08T16:17:07Z""],""name"":""Vegetable Strudel"",""sourceURLs"":[""https://foursquare.com/v/elevator-brewery-brewquarters/4bf7185d8d30d13a2f67fe17"",""https://foursquare.com/v/elevator-brewery-brewquarters/4bf7185d8d30d13a2f67fe17/menu""]},{""amountMax"":10.00,""amountMin"":10.00,""currency"":""USD"",""dateSeen"":[""2016-06-08T16:17:07Z""],""name"":""Elevator Pot Roast"",""sourceURLs"":[""https://foursquare.com/v/elevator-brewery-brewquarters/4bf7185d8d30d13a2f67fe17"",""https://foursquare.com/v/elevator-brewery-brewquarters/4bf7185d8d30d13a2f67fe17/menu""]},{""amountMax"":9.00,""amountMin"":9.00,""currency"":""USD"",""dateSeen"":[""2016-06-08T16:17:07Z""],""description"":""Flour tortilla, blackened chicken, lettuce, tomato, bacon, caesar dressing, parmesan"",""name"":""Chicken Caesar Wrap"",""sourceURLs"":[""https://foursquare.com/v/elevator-brewery-brewquarters/4bf7185d8d30d13a2f67fe17"",""https://foursquare.com/v/elevator-brewery-brewquarters/4bf7185d8d30d13a2f67fe17/menu""]},{""amountMax"":10.00,""amountMin"":10.00,""currency"":""USD"",""dateSeen"":[""2016-06-08T16:17:07Z""],""description"":""Half elevator club, choice of petite salad (house, wedge, ceasar) , cup of soup"",""name"":""Half Club Trio"",""sourceURLs"":[""https://foursquare.com/v/elevator-brewery-brewquarters/4bf7185d8d30d13a2f67fe17"",""https://foursquare.com/v/elevator-brewery-brewquarters/4bf7185d8d30d13a2f67fe17/menu""]},{""amountMax"":10.00,""amountMin"":10.00,""currency"":""USD"",""dateSeen"":[""2016-06-08T16:17:07Z""],""description"":""Ground turkey, rosemary, thymy, garlic, onion, sundried tomato aioli, smoke gouda, pretzel bun"",""name"":""Turkey Burger"",""sourceURLs"":[""https://foursquare.com/v/elevator-brewery-brewquarters/4bf7185d8d30d13a2f67fe17"",""https://foursquare.com/v/elevator-brewery-brewquarters/4bf7185d8d30d13a2f67fe17/menu""]},{""amountMax"":11.00,""amountMin"":11.00,""currency"":""USD"",""dateSeen"":[""2016-06-08T16:17:07Z""],""description"":""Mixed greens, broccoli, toasted almonds, grapes, carrots, creamy curry vinaigrette, grilled chicken"",""name"":""Curry Chicken Salad"",""sourceURLs"":[""https://foursquare.com/v/elevator-brewery-brewquarters/4bf7185d8d30d13a2f67fe17"",""https://foursquare.com/v/elevator-brewery-brewquarters/4bf7185d8d30d13a2f67fe17/menu""]},{""dateSeen"":[""2016-06-08T16:17:07Z""],""name"":""Mogabi American Wheat"",""sourceURLs"":[""https://foursquare.com/v/elevator-brewery-brewquarters/4bf7185d8d30d13a2f67fe17"",""https://foursquare.com/v/elevator-brewery-brewquarters/4bf7185d8d30d13a2f67fe17/menu""]},{""amountMax"":19.00,""amountMin"":19.00,""currency"":""USD"",""dateSeen"":[""2016-06-08T16:17:07Z""],""description"":""Thinly pounded veal medallions, garlic mashed, baby carrots, cabbage, onion, lemon caper butter sauce"",""name"":""Veal Scallopini"",""sourceURLs"":[""https://foursquare.com/v/elevator-brewery-brewquarters/4bf7185d8d30d13a2f67fe17"",""https://foursquare.com/v/elevator-brewery-brewquarters/4bf7185d8d30d13a2f67fe17/menu""]},{""amountMax"":10.00,""amountMin"":10.00,""currency"":""USD"",""dateSeen"":[""2016-06-08T16:17:07Z""],""description"":""Honey roasted turkey, swiss cheese, russian dressing, cole slaw, marble rye"",""name"":""Turkey Reuben"",""sourceURLs"":[""https://foursquare.com/v/elevator-brewery-brewquarters/4bf7185d8d30d13a2f67fe17"",""https://foursquare.com/v/elevator-brewery-brewquarters/4bf7185d8d30d13a2f67fe17/menu""]},{""amountMax"":17.00,""amountMin"":17.00,""currency"":""USD"",""dateSeen"":[""2016-06-08T16:17:07Z""],""description"":""Grilled zucchini, squash, eggplant, red onion, mushroom, carrots, garlic basil cream, parmesan, gouda"",""name"":""Vegetable Lasagna"",""sourceURLs"":[""https://foursquare.com/v/elevator-brewery-brewquarters/4bf7185d8d30d13a2f67fe17"",""https://foursquare.com/v/elevator-brewery-brewquarters/4bf7185d8d30d13a2f67fe17/menu""]},{""amountMax"":20.00,""amountMin"":20.00,""currency"":""USD"",""dateSeen"":[""2016-06-08T16:17:07Z""],""description"":""Pan seared, club cracker, garlic, thyme, panko, rice pilaf, asparagus, chipotle maple reduction"",""name"":""Cracker Crusted Salmon"",""sourceURLs"":[""https://foursquare.com/v/elevator-brewery-brewquarters/4bf7185d8d30d13a2f67fe17"",""https://foursquare.com/v/elevator-brewery-brewquarters/4bf7185d8d30d13a2f67fe17/menu""]},{""amountMax"":10.00,""amountMin"":10.00,""currency"":""USD"",""dateSeen"":[""2016-06-08T16:17:07Z""],""name"":""Elevator Club"",""sourceURLs"":[""https://foursquare.com/v/elevator-brewery-brewquarters/4bf7185d8d30d13a2f67fe17"",""https://foursquare.com/v/elevator-brewery-brewquarters/4bf7185d8d30d13a2f67fe17/menu""]},{""amountMax"":21.00,""amountMin"":21.00,""currency"":""USD"",""dateSeen"":[""2016-06-08T16:17:07Z""],""name"":""Crab Cakes"",""sourceURLs"":[""https://foursquare.com/v/elevator-brewery-brewquarters/4bf7185d8d30d13a2f67fe17"",""https://foursquare.com/v/elevator-brewery-brewquarters/4bf7185d8d30d13a2f67fe17/menu""]},{""amountMax"":10.00,""amountMin"":10.00,""currency"":""USD"",""dateSeen"":[""2016-06-08T16:17:07Z""],""description"":""Flash fried, chipotle BBQ, habanero hot, or thai chili sauce, celery, bleu cheese dressing"",""name"":""Brewery Chicken Wings"",""sourceURLs"":[""https://foursquare.com/v/elevator-brewery-brewquarters/4bf7185d8d30d13a2f67fe17"",""https://foursquare.com/v/elevator-brewery-brewquarters/4bf7185d8d30d13a2f67fe17/menu""]},{""amountMax"":11.00,""amountMin"":11.00,""currency"":""USD"",""dateSeen"":[""2016-06-08T16:17:07Z""],""description"":""Wonton, microgreens, cucumbers, carrots, ginger vinaigrette, sriracha, wasabi honey, almonds"",""name"":""Spicy Tuna Tartar (dinner Only)"",""sourceURLs"":[""https://foursquare.com/v/elevator-brewery-brewquarters/4bf7185d8d30d13a2f67fe17"",""https://foursquare.com/v/elevator-brewery-brewquarters/4bf7185d8d30d13a2f67fe17/menu""]},{""amountMax"":7.00,""amountMin"":7.00,""currency"":""USD"",""dateSeen"":[""2016-06-08T16:17:07Z""],""name"":""Red Velvet Cake"",""sourceURLs"":[""https://foursquare.com/v/elevator-brewery-brewquarters/4bf7185d8d30d13a2f67fe17"",""https://foursquare.com/v/elevator-brewery-brewquarters/4bf7185d8d30d13a2f67fe17/menu""]},{""dateSeen"":[""2016-06-08T16:17:07Z""],""name"":""Horny Goat"",""sourceURLs"":[""https://foursquare.com/v/elevator-brewery-brewquarters/4bf7185d8d30d13a2f67fe17"",""https://foursquare.com/v/elevator-brewery-brewquarters/4bf7185d8d30d13a2f67fe17/menu""]},{""amountMax"":5.00,""amountMin"":5.00,""currency"":""USD"",""dateSeen"":[""2016-06-08T16:17:07Z""],""name"":""Elevator Soup of The Day"",""sourceURLs"":[""https://foursquare.com/v/elevator-brewery-brewquarters/4bf7185d8d30d13a2f67fe17"",""https://foursquare.com/v/elevator-brewery-brewquarters/4bf7185d8d30d13a2f67fe17/menu""]},{""dateSeen"":[""2016-06-08T16:17:07Z""],""name"":""Elevator Xtra"",""sourceURLs"":[""https://foursquare.com/v/elevator-brewery-brewquarters/4bf7185d8d30d13a2f67fe17"",""https://foursquare.com/v/elevator-brewery-brewquarters/4bf7185d8d30d13a2f67fe17/menu""]},{""amountMax"":9.00,""amountMin"":9.00,""currency"":""USD"",""dateSeen"":[""2016-06-08T16:17:07Z""],""name"":""Pulled Pork Sandwich"",""sourceURLs"":[""https://foursquare.com/v/elevator-brewery-brewquarters/4bf7185d8d30d13a2f67fe17"",""https://foursquare.com/v/elevator-brewery-brewquarters/4bf7185d8d30d13a2f67fe17/menu""]},{""amountMax"":24.00,""amountMin"":24.00,""currency"":""USD"",""dateSeen"":[""2016-06-08T16:17:07Z""],""name"":""Beef Tenderloin Medallions"",""sourceURLs"":[""https://foursquare.com/v/elevator-brewery-brewquarters/4bf7185d8d30d13a2f67fe17"",""https://foursquare.com/v/elevator-brewery-brewquarters/4bf7185d8d30d13a2f67fe17/menu""]},{""amountMax"":5.00,""amountMin"":5.00,""currency"":""USD"",""dateSeen"":[""2016-06-08T16:17:07Z""],""description"":""Romaine, red wine vinegar, worcestershire, anchovies, parmesan, crouton"",""name"":""Classic Caesar Salad"",""sourceURLs"":[""https://foursquare.com/v/elevator-brewery-brewquarters/4bf7185d8d30d13a2f67fe17"",""https://foursquare.com/v/elevator-brewery-brewquarters/4bf7185d8d30d13a2f67fe17/menu""]},{""amountMax"":23.00,""amountMin"":23.00,""currency"":""USD"",""dateSeen"":[""2016-06-08T16:17:07Z""],""description"":""Garlic mashed, cherry tomatoes, micro green salad, lemon dijon beurre blanc"",""name"":""Crab Stuffed Scallops"",""sourceURLs"":[""https://foursquare.com/v/elevator-brewery-brewquarters/4bf7185d8d30d13a2f67fe17"",""https://foursquare.com/v/elevator-brewery-brewquarters/4bf7185d8d30d13a2f67fe17/menu""]},{""amountMax"":7.00,""amountMin"":7.00,""currency"":""USD"",""dateSeen"":[""2016-06-08T16:17:07Z""],""name"":""Buckeye Brownie"",""sourceURLs"":[""https://foursquare.com/v/elevator-brewery-brewquarters/4bf7185d8d30d13a2f67fe17"",""https://foursquare.com/v/elevator-brewery-brewquarters/4bf7185d8d30d13a2f67fe17/menu""]},{""amountMax"":12.00,""amountMin"":12.00,""currency"":""USD"",""dateSeen"":[""2016-06-08T16:17:07Z""],""name"":""Pesto Salmon"",""sourceURLs"":[""https://foursquare.com/v/elevator-brewery-brewquarters/4bf7185d8d30d13a2f67fe17"",""https://foursquare.com/v/elevator-brewery-brewquarters/4bf7185d8d30d13a2f67fe17/menu""]},{""amountMax"":10.00,""amountMin"":10.00,""currency"":""USD"",""dateSeen"":[""2016-06-08T16:17:07Z""],""description"":""Herb marianted, fresh mozzarella, tomato, spinach, bacon, balsamic gastrique, ciabatta"",""name"":""Grilled Chicken Sandwich"",""sourceURLs"":[""https://foursquare.com/v/elevator-brewery-brewquarters/4bf7185d8d30d13a2f67fe17"",""https://foursquare.com/v/elevator-brewery-brewquarters/4bf7185d8d30d13a2f67fe17/menu""]},{""amountMax"":9.00,""amountMin"":9.00,""currency"":""USD"",""dateSeen"":[""2016-06-08T16:17:07Z""],""description"":""Tortilla, cabbage, broccoli, carrot, onion, zucchini, squash, ginger vinaigrette, white cheddar, wasabi"",""name"":""Asian Vegetable Wrap"",""sourceURLs"":[""https://foursquare.com/v/elevator-brewery-brewquarters/4bf7185d8d30d13a2f67fe17"",""https://foursquare.com/v/elevator-brewery-brewquarters/4bf7185d8d30d13a2f67fe17/menu""]},{""amountMax"":8.00,""amountMin"":8.00,""currency"":""USD"",""dateSeen"":[""2016-06-08T16:17:07Z""],""description"":""Sauteed, seasoned pork stuffed dumplings, soy honey nut brown ale broth, peanuts, carrots, scallions"",""name"":""Pot Stickers"",""sourceURLs"":[""https://foursquare.com/v/elevator-brewery-brewquarters/4bf7185d8d30d13a2f67fe17"",""https://foursquare.com/v/elevator-brewery-brewquarters/4bf7185d8d30d13a2f67fe17/menu""]},{""amountMax"":11.00,""amountMin"":11.00,""currency"":""USD"",""dateSeen"":[""2016-06-08T16:17:07Z""],""name"":""Almond Crusted Chicken Salad"",""sourceURLs"":[""https://foursquare.com/v/elevator-brewery-brewquarters/4bf7185d8d30d13a2f67fe17"",""https://foursquare.com/v/elevator-brewery-brewquarters/4bf7185d8d30d13a2f67fe17/menu""]},{""amountMax"":20.00,""amountMin"":20.00,""currency"":""USD"",""dateSeen"":[""2016-06-08T16:17:07Z""],""description"":""Pan seared seasoned chicken breast, rice pilaf, asparagus, tasso ham, mushrooms, bearnaise"",""name"":""Creole Chicken"",""sourceURLs"":[""https://foursquare.com/v/elevator-brewery-brewquarters/4bf7185d8d30d13a2f67fe17"",""https://foursquare.com/v/elevator-brewery-brewquarters/4bf7185d8d30d13a2f67fe17/menu""]},{""amountMax"":10.00,""amountMin"":10.00,""currency"":""USD"",""dateSeen"":[""2016-06-08T16:17:07Z""],""description"":""Almond chicken breast, honey hot sauce, lettuce, tomato, onion, bacon, cheddar, sesame brioche"",""name"":""Honey Habanero Sandwich"",""sourceURLs"":[""https://foursquare.com/v/elevator-brewery-brewquarters/4bf7185d8d30d13a2f67fe17"",""https://foursquare.com/v/elevator-brewery-brewquarters/4bf7185d8d30d13a2f67fe17/menu""]},{""amountMax"":6.00,""amountMin"":6.00,""currency"":""USD"",""dateSeen"":[""2016-06-08T16:17:07Z""],""name"":""Elevator House Salad"",""sourceURLs"":[""https://foursquare.com/v/elevator-brewery-brewquarters/4bf7185d8d30d13a2f67fe17"",""https://foursquare.com/v/elevator-brewery-brewquarters/4bf7185d8d30d13a2f67fe17/menu""]},{""amountMax"":6.00,""amountMin"":6.00,""currency"":""USD"",""dateSeen"":[""2016-06-08T16:17:07Z""],""name"":""Cinnamon Vanilla Creme Brulee"",""sourceURLs"":[""https://foursquare.com/v/elevator-brewery-brewquarters/4bf7185d8d30d13a2f67fe17"",""https://foursquare.com/v/elevator-brewery-brewquarters/4bf7185d8d30d13a2f67fe17/menu""]},{""dateSeen"":[""2016-06-08T16:17:07Z""],""name"":""Three Frogs Ipa"",""sourceURLs"":[""https://foursquare.com/v/elevator-brewery-brewquarters/4bf7185d8d30d13a2f67fe17"",""https://foursquare.com/v/elevator-brewery-brewquarters/4bf7185d8d30d13a2f67fe17/menu""]},{""dateSeen"":[""2016-06-08T16:17:07Z""],""name"":""Bleeding Buckeye Red Ale"",""sourceURLs"":[""https://foursquare.com/v/elevator-brewery-brewquarters/4bf7185d8d30d13a2f67fe17"",""https://foursquare.com/v/elevator-brewery-brewquarters/4bf7185d8d30d13a2f67fe17/menu""]},{""amountMax"":12.00,""amountMin"":12.00,""currency"":""USD"",""dateSeen"":[""2016-06-08T16:17:07Z""],""description"":""Blackened walleye, smoked gouda, jalapeno corn tartar, lettuce, tomato, pretzel bun"",""name"":""Walleye Sandwich"",""sourceURLs"":[""https://foursquare.com/v/elevator-brewery-brewquarters/4bf7185d8d30d13a2f67fe17"",""https://foursquare.com/v/elevator-brewery-brewquarters/4bf7185d8d30d13a2f67fe17/menu""]},{""amountMax"":18.00,""amountMin"":18.00,""currency"":""USD"",""dateSeen"":[""2016-06-08T16:17:07Z""],""description"":""Blackened chicken, bell peppers, shallots, tomato, scallion, parmesan, cajun cream"",""name"":""Cajun Chicken Penne"",""sourceURLs"":[""https://foursquare.com/v/elevator-brewery-brewquarters/4bf7185d8d30d13a2f67fe17"",""https://foursquare.com/v/elevator-brewery-brewquarters/4bf7185d8d30d13a2f67fe17/menu""]},{""amountMax"":10.00,""amountMin"":10.00,""currency"":""USD"",""dateSeen"":[""2016-06-08T16:17:07Z""],""description"":""Bacon, choice of cheese (cheddar, bleu, provolone) , lettuce, tomato, onion, sesame brioche"",""name"":""The Bott Burger"",""sourceURLs"":[""https://foursquare.com/v/elevator-brewery-brewquarters/4bf7185d8d30d13a2f67fe17"",""https://foursquare.com/v/elevator-brewery-brewquarters/4bf7185d8d30d13a2f67fe17/menu""]},{""amountMax"":8.00,""amountMin"":8.00,""currency"":""USD"",""dateSeen"":[""2016-06-08T16:17:07Z""],""description"":""Flash fried, panko breaded, sauerkraut, onions, pork, cream cheese, spicy whole grain mustard"",""name"":""Sauerkraut Balls"",""sourceURLs"":[""https://foursquare.com/v/elevator-brewery-brewquarters/4bf7185d8d30d13a2f67fe17"",""https://foursquare.com/v/elevator-brewery-brewquarters/4bf7185d8d30d13a2f67fe17/menu""]},{""amountMax"":5.50,""amountMin"":5.50,""currency"":""USD"",""dateSeen"":[""2016-06-08T16:17:07Z""],""description"":""Bleeding buckeye red ale, ground beef, peppers, onion, tomato, cheddar halapeno cornbread"",""name"":""Bleeding Buckey Red Ale Chili"",""sourceURLs"":[""https://foursquare.com/v/elevator-brewery-brewquarters/4bf7185d8d30d13a2f67fe17"",""https://foursquare.com/v/elevator-brewery-brewquarters/4bf7185d8d30d13a2f67fe17/menu""]},{""amountMax"":12.00,""amountMin"":12.00,""currency"":""USD"",""dateSeen"":[""2016-06-08T16:17:07Z""],""name"":""Thai Tenderloin Salad"",""sourceURLs"":[""https://foursquare.com/v/elevator-brewery-brewquarters/4bf7185d8d30d13a2f67fe17"",""https://foursquare.com/v/elevator-brewery-brewquarters/4bf7185d8d30d13a2f67fe17/menu""]},{""amountMax"":23.00,""amountMin"":23.00,""currency"":""USD"",""dateSeen"":[""2016-06-08T16:17:07Z""],""name"":""Blackened Mahi Mahi"",""sourceURLs"":[""https://foursquare.com/v/elevator-brewery-brewquarters/4bf7185d8d30d13a2f67fe17"",""https://foursquare.com/v/elevator-brewery-brewquarters/4bf7185d8d30d13a2f67fe17/menu""]},{""dateSeen"":[""2016-06-08T16:17:07Z""],""name"":""Bear Ass Pale Ale"",""sourceURLs"":[""https://foursquare.com/v/elevator-brewery-brewquarters/4bf7185d8d30d13a2f67fe17"",""https://foursquare.com/v/elevator-brewery-brewquarters/4bf7185d8d30d13a2f67fe17/menu""]},{""amountMax"":7.00,""amountMin"":7.00,""currency"":""USD"",""dateSeen"":[""2016-06-08T16:17:07Z""],""name"":""Upside Down Cake"",""sourceURLs"":[""https://foursquare.com/v/elevator-brewery-brewquarters/4bf7185d8d30d13a2f67fe17"",""https://foursquare.com/v/elevator-brewery-brewquarters/4bf7185d8d30d13a2f67fe17/menu""]},{""dateSeen"":[""2016-06-08T16:17:07Z""],""name"":""Flying Hydrant Light"",""sourceURLs"":[""https://foursquare.com/v/elevator-brewery-brewquarters/4bf7185d8d30d13a2f67fe17"",""https://foursquare.com/v/elevator-brewery-brewquarters/4bf7185d8d30d13a2f67fe17/menu""]},{""dateSeen"":[""2016-06-08T16:17:07Z""],""description"":""Lightly hopped, smooth dark lager received the bronze medal at 2007 the great american beer festival. This horse is one smooth ride."",""name"":""Dark Horse Lager"",""sourceURLs"":[""https://foursquare.com/v/elevator-brewery-brewquarters/4bf7185d8d30d13a2f67fe17"",""https://foursquare.com/v/elevator-brewery-brewquarters/4bf7185d8d30d13a2f67fe17/menu""]}]",Elevator Brewery Brewquarters,43215,OH,,
AVwedfdv_7pvs4fzDL-a,19495 S W Vista Hill Dr,"Beverage Manufacturers,Breweries",Hillsboro,US,,us/scholls/hillsboro/19495swvistahilldr/-1833359006,45.392598,-123.034741,,J Albin Winery Llc,97123,Scholls,,
AVweZ7fwkufWRAb5CnYi,2152 E Dauphin St,Breweries,Philadelphia,US,,us/pa/philadelphia/2152edauphinst/1091528598,39.980191,-75.128411,,Philly Home Brew Outlet,19125,PA,,
AVwcj_oMIN2L1WUfmWSo,Av Brasil 3290,Gastropub and Brewery,Balnerio Cambori,US,"[{""day"":""Sat"",""hour"":""10:00 AM - Midnight""},{""day"":""Tue"",""hour"":""4:00 PM - Midnight""},{""day"":""Thu"",""hour"":""5:00 PM - 11:00 PM""},{""day"":""Wed"",""hour"":""6:00 PM - 11:00 PM""}]",us/sc/balneriocambori/avbrasil3290/-649336050,-27.00062819,-48.62416375,,Empório São Patrício,,SC,emposaopatricio,
AVwcw2NHIN2L1WUfonw2,23182 Alcalde Dr,"Brewers,floors & flooring retail",Laguna Hills,US,,us/lagunawoods/lagunahills/23182alcaldedr/-342508901,33.621741,-117.726456,,Krash Brewery,92653,Laguna Woods,,http://florstor.com
